104
1 10 0
1 10 1
1 10 2
1 10 3
1 10 4
1 10 5
1 10 6
1 10 7
1 10 8
1 10 9
1 10 10
2 10 0
2 10 1
2 10 2
2 10 3
2 10 4
2 10 5
2 10 6
2 10 7
2 10 8
2 10 9
2 10 10
2 10 11
2 10 12
2 10 13
2 10 14
2 10 15
2 10 16
2 10 17
2 10 18
2 10 19
2 10 20
3 10 0
3 10 1
3 10 2
3 10 3
3 10 4
3 10 5
3 10 6
3 10 7
3 10 8
3 10 9
3 10 10
3 10 11
3 10 12
3 10 13
3 10 14
3 10 15
3 10 16
3 10 17
3 10 18
3 10 19
3 10 20
3 10 21
3 10 22
3 10 23
3 10 24
3 10 25
3 10 26
3 10 27
3 10 28
3 10 29
3 10 30
4 10 0
4 10 1
4 10 2
4 10 3
4 10 4
4 10 5
4 10 6
4 10 7
4 10 8
4 10 9
4 10 10
4 10 11
4 10 12
4 10 13
4 10 14
4 10 15
4 10 16
4 10 17
4 10 18
4 10 19
4 10 20
4 10 21
4 10 22
4 10 23
4 10 24
4 10 25
4 10 26
4 10 27
4 10 28
4 10 29
4 10 30
4 10 31
4 10 32
4 10 33
4 10 34
4 10 35
4 10 36
4 10 37
4 10 38
4 10 39
4 10 40
